DIRECTED
0 7 37
0 4 12
0 6 59
0 10 55
1 0 45
1 5 45
1 9 54
1 3 48
1 10 71
2 0 56
2 12 57
2 7 67
2 4 57
2 14 60
2 13 64
3 7 41
4 7 39
4 6 60
4 5 12
4 9 32
4 10 56
4 13 33
4 14 24
4 12 18
5 8 32
5 2 56
5 1 45
5 11 9
5 6 59
5 12 13
6 1 74
6 3 61
6 2 81
6 10 81
7 3 41
7 4 39
8 12 35
8 7 49
8 13 45
8 1 55
8 6 67
9 2 64
9 1 54
9 11 31
9 8 44
9 0 30
9 3 34
9 5 30
10 12 57
10 1 71
10 7 66
10 8 64
10 9 63
10 13 63
10 3 58
10 6 81
11 0 9
11 13 32
11 3 19
11 7 38
11 6 60
11 12 16
11 5 9
12 10 57
12 5 13
12 7 39
12 13 34
12 3 21
12 8 35
13 4 33
13 2 64
13 11 32
13 8 45
13 10 63
13 3 35
13 6 67
13 1 55
13 7 48
13 5 31
14 5 21
14 3 27
14 12 25
14 6 63
