DIRECTED
0 4 32
0 10 41
0 2 29
1 14 71
1 0 73
1 9 75
1 13 74
2 14 24
2 4 22
2 3 15
2 9 33
2 0 29
2 12 82
3 9 32
3 2 15
4 9 36
4 11 26
4 6 32
4 8 85
4 14 28
5 0 26
5 1 68
5 12 81
5 4 18
5 2 12
5 7 67
6 7 72
6 5 27
6 12 85
6 4 32
7 13 73
7 3 68
7 12 105
7 9 74
8 5 83
8 13 88
8 1 107
9 4 36
9 11 36
9 10 45
9 5 31
10 9 45
10 7 74
10 12 87
10 0 41
10 3 33
11 4 26
11 7 70
11 10 37
11 12 83
12 8 116
12 6 85
12 7 105
12 14 84
12 2 82
12 1 106
12 3 81
12 13 86
13 12 86
14 4 28
14 3 23
14 0 33
14 10 38
14 5 21
