DIRECTED
0 3 36
0 14 35
0 5 69
0 4 36
0 13 82
0 2 52
0 8 41
0 9 80
1 3 13
1 2 39
1 7 50
1 5 61
1 9 73
1 10 62
1 6 20
1 14 10
1 13 75
2 4 39
2 13 83
2 7 62
2 10 72
2 9 81
3 10 62
3 9 73
3 7 50
3 12 56
3 6 21
3 14 11
3 1 13
4 8 24
4 9 73
4 0 36
4 12 56
4 14 11
4 10 62
4 6 21
4 1 13
5 4 61
5 1 61
5 11 65
5 6 63
5 8 64
5 12 81
5 2 71
6 5 63
6 4 21
6 3 21
6 0 39
6 2 42
6 8 28
7 14 49
7 11 55
7 1 50
8 5 64
8 7 54
8 11 34
8 14 22
8 10 65
8 6 28
8 1 24
9 4 73
9 2 81
9 1 73
9 7 87
9 5 94
9 12 91
9 14 72
10 13 96
10 0 70
10 5 86
10 2 72
10 7 78
10 8 65
10 12 82
10 6 64
11 6 32
11 8 34
11 1 28
11 12 61
12 10 82
12 7 74
12 11 61
13 6 76
13 5 95
13 10 96
13 14 74
13 11 78
13 2 83
13 3 75
14 13 74
14 10 61
14 1 10
14 6 18
14 7 49
