DIRECTED
0 16 98
0 5 93
0 7 66
0 9 71
0 6 84
0 4 68
0 10 72
0 14 66
0 1 78
0 2 88
1 8 55
1 7 41
1 18 41
1 9 48
1 17 85
1 2 71
1 14 41
2 14 58
2 8 68
2 15 72
2 7 58
3 17 75
3 9 25
3 7 6
3 1 41
3 6 52
3 16 73
3 4 17
3 2 58
3 0 66
3 19 15
3 13 23
4 16 75
4 15 46
4 12 60
4 1 44
4 2 60
4 10 34
4 19 23
5 11 66
5 19 67
5 13 69
5 12 87
5 8 74
5 18 65
5 9 70
5 7 65
5 6 83
5 15 78
5 4 67
6 2 78
6 15 67
6 8 63
6 3 52
6 16 90
6 7 52
6 19 54
7 4 18
7 0 66
7 11 15
7 8 36
7 1 41
7 12 58
7 5 65
7 19 16
7 3 6
7 2 58
7 18 5
7 14 5
7 16 73
8 4 40
8 11 39
8 5 74
8 15 56
8 1 55
8 19 39
8 0 75
9 2 63
9 16 77
9 0 71
9 13 34
9 8 44
9 15 50
9 6 58
9 11 29
9 19 29
10 15 52
10 14 29
10 12 65
10 18 29
10 9 38
10 2 65
10 16 79
10 0 72
10 1 50
10 19 33
11 16 74
11 10 32
11 8 39
11 19 21
11 5 66
11 6 54
11 7 15
11 18 14
11 1 43
12 1 71
12 11 60
12 5 87
12 8 68
12 3 58
12 17 95
12 18 58
12 14 58
13 9 34
13 18 23
13 15 49
13 1 47
13 17 78
13 10 37
13 0 70
13 7 24
13 11 27
13 4 29
14 7 5
14 2 58
14 15 43
14 13 23
14 8 36
14 9 25
14 5 65
15 12 72
15 18 43
15 1 59
15 9 50
15 3 43
15 10 52
15 7 43
15 4 46
15 17 86
16 2 93
16 6 90
16 14 73
16 10 79
16 15 85
16 18 73
16 12 93
16 13 77
17 6 91
17 3 75
17 12 95
17 10 80
17 14 75
17 2 95
17 18 75
17 1 85
18 16 73
18 7 5
18 5 65
18 0 66
18 6 52
18 11 14
18 15 43
18 8 36
18 2 58
18 4 17
18 19 15
19 15 46
19 11 21
19 4 23
19 7 16
19 16 75
19 10 33
19 9 29
19 5 67
