DIRECTED
0 7 57
0 3 55
0 6 63
0 19 55
0 14 52
0 18 52
0 4 55
0 13 74
0 2 77
1 12 96
1 6 60
1 5 49
1 8 62
1 7 54
1 14 48
1 17 52
1 4 51
1 16 65
1 9 50
2 9 64
2 19 65
2 18 62
2 8 73
2 15 61
2 7 67
2 14 62
3 8 49
3 15 28
3 11 29
3 14 31
3 18 31
3 16 54
4 8 49
4 6 46
4 13 60
4 0 55
4 14 30
4 15 27
4 12 89
4 7 38
4 1 51
5 7 35
5 0 53
5 3 32
5 9 28
5 2 63
5 12 87
5 6 43
5 15 21
5 19 31
5 1 49
5 4 31
5 14 25
5 16 51
5 8 46
6 15 40
6 5 43
6 1 60
6 9 44
6 7 49
6 8 57
6 12 94
6 4 46
6 3 47
6 14 42
6 17 47
6 16 61
6 19 46
6 13 67
7 18 33
7 14 33
7 19 38
7 13 62
7 17 39
7 8 51
7 4 38
8 5 46
8 1 62
8 0 65
8 16 63
8 2 73
8 19 49
9 0 53
9 2 64
9 14 26
9 19 33
9 8 47
10 13 56
10 7 31
10 3 29
10 6 41
10 4 28
10 14 20
10 15 15
10 8 44
10 2 61
10 1 47
11 7 32
11 2 61
11 0 51
11 4 28
11 13 57
11 19 28
11 14 21
12 2 104
12 16 97
12 5 87
12 18 86
12 1 96
12 4 89
12 6 94
13 2 81
13 0 74
13 17 61
13 6 67
13 3 61
13 15 56
13 8 69
13 11 57
13 16 72
13 19 60
13 1 71
13 7 62
14 9 26
14 16 50
14 13 57
14 11 21
14 12 86
14 15 18
14 7 33
14 19 30
15 6 40
15 17 28
15 12 85
15 16 48
15 9 23
15 10 15
15 14 18
15 11 16
15 3 28
15 1 46
15 4 27
16 11 49
16 12 97
16 3 54
16 17 54
16 19 53
16 18 50
16 15 48
16 6 61
16 2 76
16 13 72
17 18 31
17 19 36
17 8 49
17 3 37
17 6 47
17 2 65
17 4 36
18 7 33
18 17 31
18 3 31
18 2 62
18 6 42
18 1 48
18 16 50
19 4 35
19 2 65
19 0 55
19 12 89
19 5 31
19 11 28
19 14 30
19 18 30
19 13 60
19 6 46
