DIRECTED
0 15 88
0 3 103
0 1 58
0 17 67
0 9 67
0 13 94
0 11 58
0 2 64
0 4 58
1 14 10
1 13 76
1 5 10
1 15 68
1 9 37
1 19 26
1 18 21
1 10 38
1 16 63
1 6 44
2 10 47
2 9 46
2 0 64
2 8 36
2 6 52
2 3 91
2 14 29
2 19 38
3 6 96
3 11 87
3 17 93
3 1 87
4 7 39
4 11 14
4 10 38
4 15 68
4 16 63
4 1 13
5 7 38
5 8 21
5 11 11
5 13 75
5 17 35
5 0 57
5 15 67
5 12 20
6 12 47
6 7 57
6 15 80
6 2 52
6 18 47
7 2 48
7 0 69
7 6 57
7 16 73
7 19 45
7 13 84
7 10 53
7 14 38
8 3 89
8 12 29
8 17 41
8 4 23
8 14 21
8 10 43
8 2 36
9 8 42
9 12 41
9 6 56
9 16 72
9 0 67
9 15 76
9 14 36
10 16 72
10 14 37
10 4 38
10 2 47
10 9 52
10 3 94
10 0 68
10 7 53
10 17 51
10 19 44
10 6 57
10 13 84
10 12 42
11 10 39
11 16 63
11 19 26
11 9 38
11 3 87
11 13 76
11 12 23
11 17 37
11 4 14
12 16 65
12 13 78
12 19 31
12 7 43
12 2 35
12 0 60
13 18 77
13 19 79
13 15 101
13 16 97
13 3 114
13 12 78
13 8 78
13 11 76
14 4 9
14 19 24
14 5 3
14 10 37
14 2 29
14 7 38
14 17 35
15 11 68
15 7 77
15 12 70
15 1 68
15 8 70
15 2 73
15 13 101
15 4 68
15 17 76
15 16 91
16 8 65
16 11 63
16 5 62
16 17 71
16 1 63
16 18 65
17 3 93
17 18 39
17 6 55
17 7 52
17 4 36
17 11 37
17 8 41
18 13 77
18 11 21
18 6 47
18 0 60
18 8 28
18 4 20
18 5 18
19 13 79
19 8 32
19 14 24
19 17 42
19 18 30
19 16 66
19 15 71
19 7 45
